20 18 84 85 97 31 100 99 57 58
76 38 59 23
64 35 50 66 31 13
3 69 12
59 25 28 42 92 82 84 24 6 31
72 78 79 54 69 14 57 94 19
29 62 85 22 81 92 14
83 18 100 65 67 49
66 87 98 44 14 72 49 80 60 10
55 93 75 14 43 76 27 35 33 89
31 59 9 52 93
89 47 3 29 88 15 80 47
84 60 19
77 36 40
18 6 49 30 95 52 85 43 48 63
14 5 64 44 20 86 45 2
46 28 84
25 21 41 46 3 62 41 76 52 82
62 76 77 88 79 61 81 21 22
44 94 55
88 47 92 74 18 50 20
14 20 79 90
25 25 7 91 46 61 46 59
72 42 64 79 37 94 10
91 95 26 29 35
38 69 58 10 34 11 31 88
13 75 92 13
22 86 13 20 37 84 12 64 55
11 17 49 27 32 100 18 40 79
81 20 86 72 15 9 90 88 68
29 24 21
50 20 59 67 25 87 33 91 19 100
35 67 20 92 22 91 9
56 19 15 99 8 2 49 48 64 37
99 3 37 94 10
34 25 89 6 84 41 37 26
46 93 45 59
14 71 25 99 81 86 27 87 83
11 19 22 46 86
88 26 57 84 49 60 33 19
78 77 77 74 45 24 87
68 96 91 30 99 62
92 69 31 79 10 29 32 94
83 26 78 60 17 41 93 88 20
50 6 17 84 55 10
27 49 74 54 8 20
36 75 99 84 74 35 58 59 58
100 42 24 43 81 41
78 46 48 40 56 16 45
91 8 36 73 90 17 90 89 54
