188 143 318 281 621 319 797 881 457 427 332 558 344 363 592 725 663 431 639 786 229
782 968 709 813 667 36 441 214 669 244 344 774 224 967 783 3 397 103 12 364 422 832 363 250 750 284 547 589 278
117 898 608 917 307 479 625 810 364 63 966 457 322 374 36 585 514 388 949 562 827 727 38 634 831 571 496 764 422 915 868 456 243 932
882 401 453 239 970 120 723 542 879 912 735 461 268 444 923 970 16 495 456 27 46 805 469
755 978 384 918 379 217 352 106 933 911 772 318 152 440 600 567 135 986 764 658 414 773 473
442 92 487 68 318 635 351 25 459 698 76 598 402 546 705 611 774 623 862 683 643 465 171 656 508 691 703 26 200 532 819 195 122 401 470 496 713
358 868 896 128 264 376 660 336 778 759 791 120 632 799 80 396 905 420 612 27 312 339 860 130 352
193 117 149 344 718 387 389 765 736 529 914 93 330
83 116 566 518 775 108 346 360
981 769 867 462 544 266 203 623
620 952 464 84 193 51 674 476 737 975 662 31 441 652 676 595 149 709 635 824 993 696 996
150 996 909 245 383 940 13 948 841 547 871 89 741 889 150 101 821 341 828
873 744 744 658 829 561 473 12 302 639 270 196 135 617 902
94 270 929 859 84 707 428 787 692 167 125 117 57 32 345 992 840 644 255 972 391 263 24 478
282 295 107 902 505 77 162 270 736 950 283 570 201 952 668 456 592 983 327 915 662 566 976 899 979 769 198 622 764 502 297 908 123 479 43 714 529 296 439 397
534 930
257 902 137 817 195
250
765 25 548
716 741 875 922 87 193 924 438 269 834 75 750 631 132 843 803 786 473 342 578 630
710 401 17 187 493 451 684 901 393 996 745 471 131 861 839 203 674 689 869 220 5 791 716 711
767 496 197 165 197 382 190 690 856 631 325 452 813 993 847 300 69 851 264 832
101 0 550 816 621 799 655 760 245 403 859 859 626 276 785 766 233 691 356 116 516 229 917
568 198 224 157 895 526 149 146 175 275 749 854 354 815 23 876 671 476 137 120 370 801 210 76 433 180 517 996
899 783 599 793 725 793 840 118 188 398 825 61 234 192 664
44 726 753 401 442 989 226 926 459 866 801 310 641 700 30 74 683 215 957 807 610 200 414 97 823 98 26
900 401 940 941 388 915 758 875 790 831 31 433 841 663 604 808 2 694 651 742 878 186 264 2 272
597 943 498 191
332
166 309 956 509 16 949 658 220 181 818 340 683 402 558 677 439 187 922 703 468 365 507 662 426 178 574 679 641 601 455 116
535 475 686 677 467 482 256 855 394 895 789 370 425 980 763 741 815 294 340 670 161 415 482 305
724 840 498 844 678 331 503 997 737 466 782 66 5 490
390 822 102
33 124 997 504 92 31 384 468 244 444 93 800 130 244 110 546 554 479
787 954 430 16 237 754 352 46 217 758 367 521 13 860 223 764 949 706 152 366 940
979 2 535 168 137 768 341 651 366 161 632 79 831 269 741 545 656 414 603 698 261 133 120 836 131 870 327 726 945 319 54 761 883 415 676 132 339 872
877
616
796 902 971
454 912 340 657 864 698 193 838 345 492 317 451 193 963 802
851 400 424 423 672 424 911 265 804 52 5 307 129 873 84 577 669 363 999 98 402 447 128 106 559 800 21 158 962 122
440 418 963 225 925 906 805 420 604 603 227 742 236 181
263 288 824 562 224 393 220 308 686
244 650 639 704 791 389 834 732 751 250 42 421 39 995 95 707 526 307 549 983 831 41 349 651 111 269 811 479 79 434 305 448 909 935 35 253 156
894 706 468 486 468 943 194 349 189 977 893 581 575 438 887 465 748 436 32 289 823 136 914 305 241 883 425 132 747 879 545
531 883 292 393 70 328 332 746 850 121 514 986 137
702 361 178 736 68 726 748 80 402 249 380 597 273 809 959 785 26 764 251 813 387 21 493 790 660 799 690 94 792 20 746 424 856 120 913 977 391 173 839 157
919 703
449 458 797 689 929 154 475 332 568 650 899 710 256 282 4 165 82 45 214 594 438 403 662 287 915 581 473 974 794
80 481 205 186 170 29 367 833 651 51 870 631 787 548 389 759 754 901 736 800 196 97 376 663
747 862 780 625 929 402 83 659 470 778 369 703 883 64 980 505 507 437 13 901 204 857 688 672 156 144 70 187 523 684 500 58 487 603 490 970
168 139 575 38 516 909 797 149 214 484 213 960 844 125 169
723 823 724 540 852 952 371 440 753 292 544 828 447 555 977 964 385 848 254 694 33 84 712 711 124 885
524 129 937
60 488 846 324 893 992 390 590 91 175 479 341 340 812
464 450 316 860 594 380 251 127 666 598 353 44 330 804 304 265 353 25 443 834 936 887 997 899 893 440 103 819 493 396 827 328 907
510 675 708 551 151 462 4 719 303 120 808
107 767 36 356 312 371 302 377 722 57 140 148 388 963 461 658 714 106 269 898 155 265 279 490 649 980 486 383 434 263 464 378 702 386 91 964 717 836 267
494 275 856 13 530 958 781 643 73 100 157 146 215 332 669 653 211 333 503
855 263 893 411 331 944 892 484 722 370 519 887 879 805 350 203
812 756 415 280 930 507 75 808 614 312 930 912 366 197 957 21 340 419 594 709 527 31 314 448 810 697
854 748 377 365 12 543 670 620 96 249 299 211 194 771
926 246 784
511 302 528 559 890 131 306 609 682 791 997 790 118 220 500 323 102 131 322 925 899 947 314 872
552 13 43 429 482
196 490 171 884 338 784 267 795 937 997 103 715 693 948 77 612 320 41 949 228 787 859 139 364 51 422 137 923
792 385 937 145 202 463 488 292 34 442 681 774 557 968 825 180 903 236 193 547 508 384 262 793 857 739 793 356 767 11 722 697 180 910 417
477 84 547 139 90 231 55 77 95 485 615 428 183 791 767 159 868 756 96 539 34 368 214 538 583 228 591 142 112 591 693 565 970 206 325 168 433 853
152 446 666 572 638 699 280 59 214 478 627 787 347 886 8 798 612 770 273 838
653 34 73 942 766 908 645 630 258 399 219 448 201 855 457 575 458 464 582 842
394 973 300 872 564 110 973 672 453 467 735 337 704 545 590 636 19 164 366 550 246 718 698 592 344 300 332 900 657 478 707 637
502 6 183 194
745 499 311 516 56 159 114 495 301 656 539 710 33 975 740 864 749 113 103 762 530 649 687 361 509 489 293 740 631 997 941 694 697 831 213
206 620 587 350 530 86 740 169 217 185 628 197 454 616 185 32 925 418 672 485 892 109 856 153 301 747 224 975 635 44 648 736 949 146
34 284 799 905 329 903 373 685 815 661 578 376 965 134
625 993 109 914 954 570 461 523 577 124 736 177 342
719 838 149 160 590 196 443 807 57 274 918 321 168 494 236 311 814 137 964 176 645 850 137 541 849 161 116 445 325 156 558 56 195 467 964 548 222 769
713 814 780 472 534 626 524 691 572 813 485 693 464 252 541 323 791 653 964 483 774
205 265 329 366 765 745 402 511 677 17 579 720 822 59 210 513 855 557 106 567 139 26 848 171 947 731 348
34
441 679 379 748 855 283 753
92 69 487 94 313 215 612 265
700 131
47 281 103 123 650 451 8 516 683 452
939 645 207 594 806 606 36 226 850 454 358 196 369 667 555 854 896 398 420 186 282 38 661 668 158 415 718 926 46 458
439 899 356 79 681 365 627 939
555 321 892 869 846 74 514 130 336 438 75 127 261 891 811 564 891 798 891
488 54 627 891 449 145 304 58 524 637 199 988 215 436 753 89 318 924 843 7 606
688 773 920 240 360 992 114 919 250 395 300 316 41 524 845 489 59 634 673 164 62 146 126 720 406 618 130 156
851 665 598 700 838 933 65 639 607 745
290 47 538 913 478 837 522 129 788 0 832 655 147 324 281 37 594 202 238 828 553 346 702 383 983 768 215 644
381 12 395 592 542 515 91 391
664 294 236 668 499 843 879 411 989 612 431 936 295 793
204 684 471 437 743 914 38 423 550 230 512 547 242 802 982 876 550 915 664 873 684 992 879 63 950 791 874 736 341 771 949 589 777 439 974 869
145 181 651 629 857 373 298 223 201 824 659 772 558 956 714 95 801 892
227 807 501 290 807 269 115 953 587 946 755 364 162 266 357 791 580 481 301 380 540
227 754 12 618 216 539 607 722 857 327 888 594 516 592
906 550 548 832 327 822 527 187 858 288 924 694 593 260 318 793
970 64 935 808 823 145 764 657 17 141 840 993 534 120 405 998 160 485 783 284 282 214 482 314 462 238 676 618 428 808 867 731 934 76 496 236 149 643 922
432 395 4 466 427 824 115 519
364 993 340 255 663 256
735 341 142 52 731 822 31 795 962 414 745 452 510 409 380 386 249 815 885 307 764 321 628 698 428 509 728 543 527 82 486 446 583
682 124 163 9 585 552 74 457 429 254 725
647 184 0 842 962 29 893 73 429 308 901 493 321 753 113 322 443 652 258 916
957 231 292 246 170 629 201 988 52 518 762 224 922 805 943 965 365 532 713 997 729 668 145 308 44 717 780 62 639 194 903 343 256
61 361 357 204 14 789 859 490 811 578 365 527 589 26 560 932 497 160 995 301 1 958 778 762 474 409 301 51
770 734 43 733 358 261 321 514 565 403 788 299 151 119 200 742 60 217 273 513 219 346 816 140 529 790
223 283 851 639 267 98 672 797 429 504 128 701
840 80 748 114 837 211 640 119 326 406 738 632 594 812 988 116 652 867 995 165 414
248 857 796 535 605 499 728 6 642 270
456 548 446 281 428 283 362 521 343 772 19 718 339 865 351 258 761 934 735 607 736 721 575 967 813 200 925 69 255 360 706 414
500 921 590 639 185 292 23 47 959 149 59 62 762 215 389 115 830 8 46 68 807 850 360 854 536 820 415 432 295 360 530 23 153
828 336 676 764 232 509 558 357 582 749 468 30 413 927 838 185 599 995 704 346 856 128 989 985 881 451 198 602 63
437 251 433 203 525 774 447 541 102 627 796 444 519 227 885 854 905 899 875 847 296 835 145 123 162 778
2 791 585 629 643 994 992 471 895 933 32 719 807 263 957 878 902 628 55 906 781 182 703 876 524 680 406 165 500 127 941 842 696 393 810 611 510 747 892 386
741 399 735 423 508 711 702 338 432 785 206 293 278 134 806 279 504 999 786 549 452 49 570 563 750 32 716 736 929 200 407 477 502 582 225
507 568 639 174 832 462 678 944 468 742 482 891 670 737 419 442 967 48 646 89 372 703 745 51
101 132 277 264 718 193 250 182 575 524 581 743 74 891 524 929 189 450
346 71 181 378
368 983 24 553 269 727 792 682 640
525 319
627 754 140 210 33 146 688 21 726 766 518 121 273 997 571 30 160 891 743 686 814 223 177 596 714 633 146 742 403 615 654 406 363 466
795 303 690 777 706 495 493 498 45 302 556 192 686 766 286 974 428 770 37 522 225 801 872 965 159 450 741 284 998 450 498 795 684 768 735 480 511 814 409 323
418 491 840 761 133 712 844 957 442 1000 736 892 140 384 905 808 972 561 963 210 704 522 286 397 994 834 165 421 415 737 52
44 18 263 363 904 703 742 367 773 733 889 579 643 890 523 266 858 79 535 428 670 908 160 836 705 593 676
946 449 712 698 860 527 209 888
204 550 979 416 260 694 372 323 614 550 333 890 183 920 433 589 783 328 725 101 367 27 957 700 798 63 968 140 685 889 534 252
342 775 100 828 779 723 698 300 626 227 166 958 288 919 939 386 763
437 913
427 650 79 767 52 946 7 354 864 442 706 974 137 395 85 691 164 755 169 168 362
512 175 268 977
899 61 0 184 180 383 587 677 934 590 550 290 677 832
754 216 929 54 90 884 316 786 515 184 256 431 893 491 505 491 630 581 342 637 580 137 98 634 426 218 943 989 297 200 489 218
275 332 484 810 564 337 499 729 483 178 189 419 33 523 560 33 733 224 939 57 641 33 600 229 808 435 738 763
757 403 285 541 266 317 893 629 645 735 280 972 836 246 192 704 52 433 621 234 291 922 518 129 58 913 481 558 766 431 379 97 760 81 540
97 883 651 687 25 232 14 975 747 760
301 790 135 43 857 735 727 453 173 176 942 708 641 421 899 744 858 391 37 295 371 841 293
966
268 151 606 845 650 247 349 79 395 554 15 809 953 487 810 139 662 839 342 902
438 693 695 298 995 652 114 537 40 310 213 554 624 745 453 962 793 706 692 678 688 140 792 134 980 94 584 400 659
675 829 157 672 244 782 179 827 280 48 647 191 400 895 984 442 102 471 494 922 148 351 393 84 70
779 669 741 556 880 233 412 986 4 130 435 519 355 460 752 399 765 111 378 366 1 69 838 563 300 541 560 217 553 967 332 671 962 247 814 980 666 295
155 840 478 513 402 648
748 413 942 364 787 45 633 883 486 767 729 109 610 223 813 410 729 229 401 17 358 130 918 424 995 722 161 228
411 272 966 458 399 376 349 510 587 766 897 436 452 150 981 71 100 510 798 893 898 271 998 525 155 293 245 481 156 873 599 782 56
754 593 922 902 868 420 206 174 962 894 637 187 656 995 764 756 629 626 314 986 967 721 161 13 502 986 691 491 237 879 763 823 23 528 875 917 815 720
651 964 355 606 586 242 897 183 149 206 424 549 1 492 72 129 710 436 540 899 954 339 941 919 881 267 688 111 709 921 278 610 73 762 635 808 962 307 440 11
318 241 568 191 39 20 797 466 498 378 131 79 591 646 910 651 822 113 178 304 543 952 735 33 700
684 98 914 485 680 304 181 927 588 939 665 638 189 172 18 341 326 939 582
89 686 360 867 410 492 776 324 27 754 429 600 848 556 371 66 32 825 683 10
529 592 108 886 932 105 776 358 812 474 157 662 152 488 915 254 612 631
218 395 392 248 45 448 463 63 725 825 594 722 640 598 62 875 976 555 618 827 1 862 546 705 997 1 328 555 598 417 712 549 832 989 773 524 355 736 745 780
789 134 907 250 455 771
597 348 182 219 867 479 450 724 499 595 183 963 53 936 432 877 866 806 220 243 466 234 623 862 6 515 802 294 669 467 305 407 859 666 188 672 556 924
881 825 112 511 888 171 839 629 729 26 225 837 82 933 455 416 463 530 359 826 390 228 71 439 72 506 31 233 239 283 472
334 417 207 562 779 5 522 139 222 331 331 729 568 309 262 612 77 86 847 792 532 541 262 592 632 559 988 313 855
351 202 403 815 865 285 598 792 364 632 650 129 302 229 880 451 28 294 722 509 130 104 81 759 223 916 113 743 181 684 610 655 898 660 405 970 187 11 695
819 250 558
728 738 563 352 789 665 560 365 97 407 208 421 150 785 293 941 715 619 440 580 252 470 348 589 694 40 597 716 247 987 873 800 361 890 269 658 250
682
800 399
945 204 278 555 183 671 263 247 498 62 230 279 85 170 235 305 472 484 504 349 669 157 950 337 400 41 367 202 139 365 317 434 929 796
894 46 930 672 557 83 826 777 579
652 655 525 768 113 946 339 937 542 435 101 940 232 574 21 754 290 835 982 416 644 943 257 606 11
271 538 84 114 399 588 139
210 43 405 77 766 86 586 546 130 90 899 307 889 996
415 671 845 65 311 872 585 984 382 165 764 962 183 48 197 973 923 203 306 549 331 656 373 397 135 398 927 993 106
145 639 395 292 423 74 653 755
486 416 436 494 962 748 474 819 164 320 374 314 240 626 429 835 193 710 28 551 818
2 960 474 174 667 91 263 528 810 685 929 30 986 278 286 300 474 43 499 285 36 414 702 67 235 306
142 745 428 967 94 880 184 998 739 833 79 803 545 867 111 196 414 595 143 688 930 509 514 614 428 453 972 503 954 60 713 713
282 471 136 431 4 109 931 899 640 353 311 577 941 706 427 551 488 714 375 75 323 837 695 514 953 733 65 352 160 616 422 453 595
507 174 230 121 15 286 935 673 986 327 354 675 993 661 472 563 472 223
154 459 16 724 252 665 968 172 295
347 578 364 957 437 78 585 947 414 964 42 980 637 993 240 560 225 730 570 374 886 899 682 420 734 67 753 865 88 213 863 468 617 637 409
785 941 732 88 550 819 159 961 550 482 215 44 237 982 143 197 92 514 64 263 289 862 759 31 166 412 180 885 428 18
552 853 403 338 798 109 56 244 867 564 257
112 117 774 580 860
904 131 803 509 801 10 782 355 865 461 849 695 650 201 275 252 733 315 949 257 786 678 483 539 509 970 625 89 524 945 609
410 837 689 357 293 403 148 983 809 943 519 363 648 662 412 248 46 284 571 218 873 689 453 921 696 355 849 192 356 297 246 258 613 827 942 139 924
868 990 855 156 486 981 965 612 945 77 676 110 512 991 131 380 656 204 674 843 809 192 725 232 304 146 336 740 909 516
826
484 22 894 21 536 453 230 721
420 544 9 151 631 36 208 644 884 48 725 218 368 27 778 813 743 195 669 799 311 790 20 525 953 266 163 341 449 739 155 456 932 291 750 374 486 363 204 411
882 532 629 514 448 454 89 862 772 25 978 111 410 97 137 355
226 794 20 535 894 253 588 564 193 849 62 576 936 147 646 770 26 463 314 651 758 331 400 106 841 403 904 624 851 172
774 770 468 537 576 693 669 409
470 861 410 194 973 327 165 9 474 381 466 93 131 966 95 210 456 742 361 675 610 834 635 861 890 716 209 22 988 311 902
75 720 735 573 65 296 164 343 673 816 629 521 530 867 801 83 482 802 477 337 953 842 681 560 735 694 160 10 11 709 557 814 224 560
380 744 370 537 547 606 843 793 379 36
72 559 995 275 963 360 346 819 572 209 613 679 590 130 951 646 27 708 274 196 493 473 175 617 183 315 697 820
74 322 813
885 789 816 219 610 451 932 587 113 993 882 319 486 722 11 258 785 424 930 911 983 943 524
926 737 100 772 392 995 348 608 628 513 794 358 217 665 142 215 413
357 251 47 6 455 606 27 926 850
549 882 796 63 346 464 560 145 126 947 430 72 626 378
356 464 596 104 341 200 555 118 146 18 217 435 739 876 289 834 342 20 343 695 468 974 267 828
203 118 312 257 319 545 26 873 584 829 88
407 510 464 413 391 524 162 370 487 623 819 106 769 123 711 955 394 78 931 758 672 438 367 478 584 18 437 995 48 437 26 190 863 77 245 146 916 663
997 669 119 421 559 141 921 106 118 27 421 431 501 365 889 839 898 12 674 86 381 933 16 891 257 539 908 671 592 265 696 210 933 631 949
790 923 77 88 159 731 733 801
414 10 407 194 579 448 744 179 722 962 871 293 339 381 150 613 913 565 674 227 88 528 780 158 673 391 778 101 371 786 394 183 148 213
584 183 35 771 724 273 65 67 138 213
285 817
490 363 45 300 34 312 638 48 267 391 429 89
69 576 581 582 667 40 43 242 276 978 813 399 927 43 361 277 459 955 674 53 22 571 902 274 944 914 225 341 125 988 369 353 629 36
508 616 187 522 802 489 942 224 616 131 265 930 198 795 396 954 565 734 699 355 304 968 615 308 296 388 346 480 525 892 784 919
693 266 354 199 732 700 781 545 856 200 46 609 312 249
528 901 368 324 145 782 416 655 731 448 523 610 483 357 859 348 978 782 801 954 605 412 140 283 286 450 961 368 785 210 217 236 772 617 804 719
798 4 866 757 964 383 611 221 919 767 853 440 563 806 442 369 100 297 466 217 413
136 172 680 10 243 57 994
742 724 515 59 640
832 880 32 710 199 532 282 56 589 91 495 965 176 874 584 35 664 123 311 632 142 647 586 65 6 360 622 871 783 465 313 294 573
956 574 98 181 538 183 204 753 687 691
78 427 914 935 245 595 404 939 30 16 905 313 209 859 851 789 100 919 729 490 951 413 948 469 529 933 358 727 277 735 452 921 942 684 489 192
708 396 123 767 231 960 313 471 959 237 597 296 953 606 965 972 150 260 581
4 413 3 840 821 772 80 94 901 806 109 661 879 151
687 45 818 990 365 10
748 29 517 230 87 637 267 349 160 582 56 624 768 709 19 641 346 548 318 479 508 819 640 683
687 405 239 970 482 444 748 636 277 532 394 527 936 120 368 399 672 601 821 735
166 207 618 467 744 662 175 627 962 53
691 931 608 862 340 915 605 348 999 704 376 556 76 797 863 70 918 453 484 874 87 837 357 614 486 159
33
372 318 314 158 835 653 694 52 403 249 120 858 790 21 13 324 506 319 105 530 420 275 157 500 367 813 65 255 284 1 24 529
588 49 199 702 557 820 41 431 478 581 766 83 145 890 631 96 212 560 453 142 329 985 488 321 82 405 269 246 100 705 559 358 684 702
386 737 93 819 832 251
46 379 139 865 581 541 420 692 893 199 417 60 746 187 421 40 521 831 822 346 69 663 100 809 535 248 765 371 611 95 109
730 437 367 773 504 212 24 175 972 54
459 695 300 250 966 857 159 9 444 630 262 651 267 369 450 900 220 486 893 59 773 70 233 995 258 940 199 773 714 196 173 654 510 194 279 129 27 917
952 165 496 508 574 795 96 658 668 616 329 356 449 473 561 391 562 996 901 974
577 185 25 867 246 276 687 108 559 342 730 997 24 880 836 575 459 545 443 383 339 324 893 611 730 617 96 684 551 341 826 90 348 784 981 727
636 958 980 461 347 235 196 898 688 547 547 34 307 97 549 286 208 332 340 176 716 658 816 271 599 326 945 607 352 913 987
537 572 95 69 181 895 578 609 894 228 564 694
238 358 674 215 159 530 834 983 438 590 36 284
272 804 662 503 861 863 516 163 898
181 897 593 163 886 170 248 398 141 415 354 533 428 728 556 531 334 178 657 969 640 550
214 438 582 858 49 535 664 392 555 467 64 300 653 628 947 191 715 762 284 92 30 615 483 675 945 954
858 806
196 370 189 907 358 394 22 228 415 890 594 387 476 698 830 348 616 864 206 803 459 491 462 419 512 425 226 865 263 691 946 429 59 972 420 152 418
772 716 832 631 490 587 923
360 350 733 236 550 440 536 133 867 530 222 248 283
758 637 813 401 506 745 60 212
169 451 829 702 58 907 408 903 343 161 917 342 505 571 850 203 564 291 235 22 491 509 199 975 821 713 198 717 995 246 150 779 962 644 938 202 438 653 446 630
338 4 114 573 343 530
730
600 73 868 8 642 374 91 63 409 824 736 165 660 603 156 63 955 204 922 828 559 413
484 853 630 460 304 13 590 720 354 532 176 967 804 577 239 543 1000
688 604 250 211 206 250 637 236 574 505 375 942 856 374 40 888 36 952 459 915 916 423 54 554 596 971 941 130 264 474 894 344 786 163
989 74 926 619 205 325 344 633 718 49 517 937 397 81 411 349 311 536 862 736
402 524
727 99 658 128 142 943 912 863 409 856 746 653 92 740 288 169 877 172 567 825 887 866 561 339 580 528 31 384 313 801 146 192 674 273 716 75 394
739 308 761 524 773 967 474 114 443 161 14 185 345 100 457 895 517 262 516 166 4 682 573 719 735 711 485 346 554 433 954
307 962 596 585 539 800 305 830 208 309 851 591 851 82
792 48 43 765 713 500 275 694 298 534 579 344 955 454 452 226 103 609 328 143 461 553 386 759 757 184 30 824 189
151 8 462 46 782
517 561 24 495 933 656 724 752 692 197 559 712 247 496 539 781 512 70 380 887 796 691 912 547 702 555 686 239 938 520 953 404 73 990 728 535 800
850 280
882 250 1 513 516 511 307 130 369 184 323 972 316 73 771 718
575 20 93 407 893 290 147 624 248 722 443 339 279 128 974 495 418 924 186 691 905 814 359 264 160 53 462 538 770 122 15 557 27 852
232 871 523 56 720 395 360 529 276 457 573
866 690 602 374 353 68 478 347 317 152 960 592 946 346
958 828 321
646 455 291 876 194 230 648
445 271 641 197 581 317 340 997 716 826 718
276 585 526 852 197 559 18 138 324
989 335 444 898 487 397 517 900 466 287 21 793 737
723 522 149 686 554 251 247 457 376 104 789 987 289 80 51 327 590 565 672 344 699 823 836 640 102 272 326 709 844 344 842 373 549 622 550 221 350
654 582 281 49 569 407 265 755 579 665 784 366 431 226 185 621
297 472 668 432 509 472 945 967 977 397 512 979 700 691 58 892 91 823 428 965 359 717 913 615 643 970 735 446 969 558 981 681 663 177 446
975 928 962 9 21 716 999 447 151 168 662 912 116 435 191 793 538 901 705
724 147 598 982
532 447 321 354 183 568 484 688 485
212 864 14 775 832 483 211 270 617 864 255 14 58 83 571 695 996 838 654 987 904 972 250 10 194 918 292 852 807 679 638 733 551 443 56
913 622 942 598 361 907 871 667 279 454 113 770 999 539 947 548 198 330 334 669 470 693 705 856
566 824 794 524 220 287 559 443 188 64 284 893 807 230 467 752 174 187 904
474 537 218 782 709 905 843 513 439 226 314 603 799 138 651 733 385 450 912 838 190 63 823 832 653 987 548 465 663
40 129 534 182 57 135 979 262 839 391 184 617 21 560 276 3 623 891 921 633 496 387 149 88 581 918 152 998 569 974
988 987 448 840 930 300 984 263 391 45
198 186 18 338 205
748 660 87 842 130 114 457 303 209 345 351 274 760 469 4 910 672 318 96 392 981 636 559 848 329 644 852 559 353
552 316 855 249 424 625 615 935 594 610 604 979 608 986 695 415 602 182 944 484 328 39 532 392 355 855 810 996 432 646 222 864 688
132 255 508 866 531 375 367 727 840 812 919 150 320 251 209 770 995 723 994 907 509 579 183 72 989 95 826 324 353 53 517 669 632 676 456
964 330 884 20 50 35 331
128 196 917 469 231 523 159 190 871 505 755 142 740 313 505 658 595 579 875 116 906 463 944 936 447 382 730 565 327 96 411 143 494 83 94 848 510
379 301 291 762
461 779 484 832 653 908 572 790 176 363 609 30 817 285 825 967 8 203 225 476 936 706 940 902 202 796 822 341 224 754 266 683 766 274 428 278 164 121 934
497 486 76 909 539 939 474 201 910 777 802 921 263 828 204 18 483 359 273 876 278 323 778
666 350 409 985 988 964 728 230 768 960 591 651 545 873 719 730 571 185 304 923 775 383 268 105 135 560 571 601 98 839 738
250 287 990 0 487 641 660 82 443 565 938 71 688 94
869 229 521 147 992 12 130 986 520 760 363 212 717 733 659 724 377 369 719 375 973 149
569 946 783 46 194 583 578 448 246 438 495 259 148 421 390 93 930 671 523 787 967 246 30 356 264 612 972 528 756 696 507 836 72 750 51 246 285
873 745 70 765 326 65 567 548 949 511 873 640 949 136 905 493 633 580 771 831
741 556 60 965 298 512 766 572 901 478 756 319 208 710 735
740 506 917 353 970 231 229 627 140 941 965 565 284 36 131 280 733 313 731 153 997 896 939 757 232 103 741
975 812 641 452 941 311 33 614 776 879 422 497 294 907 33 441 744 77 15 757 531 728 739 532 585 905 377 226 193 868 151 447 772 900 295 851 277 71 708 196
566 744 779 216 987 218 555 184 840 67 45 334 690 203 319 498 276 855 712 1000 264 769 255 240 641 764 963 700 211 723 465 545
571 341 281 608 852 791 876 421 868 114 671 508 111 170 711 254
684 182 154 40 173 803 20 528 40 227 906 802 932 508 82 978 423 144 314 93 35 665 300 973 266 777 396 599
822 494 720 325 998 887 944 186 430 851 719 599 779 694 986 537 188 315 745 936 78 667 736 263 385 572 374 812 157 765 688 832 495 897 777 719 891
6 519 718 267 990 368 203 364 54 466 360 256 56 160 256 458 10 362 781 688 642 96 784 383 969 141 111 481 822 492 31 103